./color_correction.exe ../../data/color_checker/wesclei_color_chart.tif

Functor Result:
 1.02601  24.3174
0.975391  21.4463
0.917736 -4.65773

 80.000000  60.000000  68.000000 <-> 115.000000  82.000000  68.000000  =  106.398268,  79.969814,  57.748306
164.000000 135.000000 155.000000 <-> 194.000000 150.000000 130.000000  =  192.583164, 153.124152, 137.591319
 73.000000 102.000000 179.000000 <->  98.000000 122.000000 157.000000  =   99.216194, 120.936244, 159.616978
 70.000000  84.000000  68.000000 <->  87.000000 108.000000  67.000000  =   96.138162, 103.379202,  57.748306
 99.000000 107.000000 200.000000 <-> 133.000000 128.000000 177.000000  =  125.892471, 125.813199, 178.889430
108.000000 173.000000 198.000000 <-> 103.000000 189.000000 170.000000  =  135.126567, 190.189017, 177.053958
177.000000 108.000000  62.000000 <-> 214.000000 126.000000  44.000000  =  205.921302, 126.788591,  52.241891
 43.000000  70.000000 194.000000 <->  80.000000  91.000000 166.000000  =   68.435874,  89.723726, 173.383015
152.000000  66.000000 109.000000 <-> 193.000000  90.000000  99.000000  =  180.271036,  85.822161,  95.375473
 57.000000  43.000000 116.000000 <->  94.000000  60.000000 108.000000  =   82.800023,  63.388164, 101.799624
149.000000 177.000000  89.000000 <-> 157.000000 188.000000  64.000000  =  177.193004, 194.090582,  77.020757
191.000000 145.000000  61.000000 <-> 224.000000 163.000000  46.000000  =  220.285451, 162.878064,  51.324155
  0.000000  45.000000 171.000000 <->  56.000000  61.000000 150.000000  =   24.317416,  65.338946, 152.275092
 79.000000 132.000000  87.000000 <->  70.000000 148.000000  73.000000  =  105.372258, 150.197979,  75.185286
130.000000  38.000000  60.000000 <-> 175.000000  54.000000  60.000000  =  157.698801,  58.511208,  50.406419
201.000000 185.000000  61.000000 <-> 231.000000 199.000000  31.000000  =  230.545558, 201.893711,  51.324155
142.000000  62.000000 169.000000 <-> 187.000000  86.000000 149.000000  =  170.010929,  81.920596, 150.439620
  3.000000 109.000000 181.000000 <->   8.000000 133.000000 161.000000  =   27.395448, 127.763982, 161.452450
209.000000 215.000000 240.000000 <-> 243.000000 243.000000 242.000000  =  238.753643, 231.155446, 215.598862
178.000000 186.000000 222.000000 <-> 200.000000 200.000000 200.000000  =  206.947313, 202.869102, 199.079617
140.000000 150.000000 191.000000 <-> 160.000000 160.000000 160.000000  =  167.958908, 167.755020, 170.629808
 95.000000 102.000000 137.000000 <-> 122.000000 122.000000 121.000000  =  121.788428, 120.936244, 121.072075
 59.000000  63.000000  88.000000 <->  85.000000  85.000000  85.000000  =   84.852045,  82.895988,  76.103021
 30.000000  32.000000  45.000000 <->  52.000000  52.000000  52.000000  =   55.097736,  52.658861,  36.640382

Applying color correction...
Saving image corrected ...
